trial  XDAT   ttype  cond   occur  face#  roi#   x      y      w      h      	
1	11	1	1	1	0	1	287.8	175.5	73.8	129.0	
1	11	1	1	1	0	2	292.3	206.4	54.5	26.2	
1	11	1	1	1	0	3	302.3	232.2	26.0	21.7	
1	11	1	1	1	0	4	297.0	254.5	37.9	19.3	
2	12	1	1	1	0	1	284.0	174.7	76.9	129.6	
2	12	1	1	1	0	2	293.6	203.4	59.8	25.3	
2	12	1	1	1	0	3	309.5	228.3	27.8	23.4	
2	12	1	1	1	0	4	303.1	251.5	40.0	19.2	
3	13	1	1	1	0	1	281.8	179.4	74.9	124.8	
3	13	1	1	1	0	2	301.1	208.4	52.2	25.5	
3	13	1	1	1	0	3	318.3	233.6	26.0	22.1	
3	13	1	1	1	0	4	311.7	255.6	36.0	19.2	
4	111	2	1	1	0	1	288.2	177.7	73.9	127.3	
4	111	2	1	1	0	2	290.1	210.3	57.4	24.0	
4	111	2	1	1	0	3	298.7	233.9	31.8	23.0	
4	111	2	1	1	0	4	294.7	256.7	41.0	20.5	
4	111	2	1	1	1	1	199.5	179.1	82.6	119.7	
4	111	2	1	1	1	2	202.7	207.9	60.6	24.6	
4	111	2	1	1	1	3	213.8	232.1	32.8	21.8	
4	111	2	1	1	1	4	209.4	253.8	45.4	22.1	
4	111	2	1	1	2	1	369.9	180.7	75.0	115.8	
4	111	2	1	1	2	2	369.8	205.4	59.2	24.6	
4	111	2	1	1	2	3	380.2	229.6	30.4	20.2	
4	111	2	1	1	2	4	377.4	249.6	39.8	21.7	
5	112	2	1	1	0	1	362.6	170.0	75.0	126.7	
5	112	2	1	1	0	2	370.7	199.9	58.1	23.6	
5	112	2	1	1	0	3	386.6	223.2	29.1	22.8	
5	112	2	1	1	0	4	379.7	245.6	46.3	20.8	
5	112	2	1	1	1	1	196.3	170.1	83.8	124.4	
5	112	2	1	1	1	2	203.4	192.6	69.6	26.1	
5	112	2	1	1	1	3	224.2	219.0	31.5	25.3	
5	112	2	1	1	1	4	218.2	244.5	44.3	22.1	
5	112	2	1	1	2	1	285.0	171.0	72.6	125.4	
5	112	2	1	1	2	2	289.8	198.3	60.0	24.0	
5	112	2	1	1	2	3	302.9	221.9	32.2	22.4	
5	112	2	1	1	2	4	297.8	244.5	42.6	25.3	
6	113	2	1	1	0	1	371.4	171.1	77.8	127.6	
6	113	2	1	1	0	2	389.6	202.6	55.8	24.6	
6	113	2	1	1	0	3	408.8	226.9	29.3	23.7	
6	113	2	1	1	0	4	398.9	250.5	40.5	19.6	
6	113	2	1	1	1	1	195.2	177.1	78.9	120.6	
6	113	2	1	1	1	2	211.4	200.9	58.7	24.2	
6	113	2	1	1	1	3	233.8	224.9	29.8	22.4	
6	113	2	1	1	1	4	225.0	247.1	38.9	22.4	
6	113	2	1	1	2	1	283.8	175.7	75.2	123.5	
6	113	2	1	1	2	2	298.8	197.9	56.7	26.2	
6	113	2	1	1	2	3	317.9	223.8	31.2	22.4	
6	113	2	1	1	2	4	310.9	246.7	41.3	23.6	
7	21	1	1	1	0	1	285.6	175.0	78.6	128.9	
7	21	1	1	1	0	2	290.1	198.1	62.1	25.3	
7	21	1	1	1	0	3	300.2	223.0	31.4	22.8	
7	21	1	1	1	0	4	295.8	245.5	39.7	25.9	
8	22	1	1	1	0	1	278.4	175.6	87.4	127.3	
8	22	1	1	1	0	2	288.6	196.6	65.9	24.6	
8	22	1	1	1	0	3	307.4	221.5	31.5	24.0	
8	22	1	1	1	0	4	302.4	246.0	41.8	28.5	
9	23	1	1	1	0	1	273.6	176.0	85.3	128.2	
9	23	1	1	1	0	2	295.4	196.0	58.7	24.6	
9	23	1	1	1	0	3	315.2	220.9	31.4	24.3	
9	23	1	1	1	0	4	309.8	245.4	40.5	29.1	
10	121	2	1	1	0	1	290.1	167.7	74.1	120.6	
10	121	2	1	1	0	2	293.8	188.4	55.8	23.3	
10	121	2	1	1	0	3	302.1	211.4	28.6	20.1	
10	121	2	1	1	0	4	298.4	231.5	36.8	25.3	
10	121	2	1	1	1	1	205.9	168.0	74.1	117.3	
10	121	2	1	1	1	2	208.8	189.9	57.5	24.2	
10	121	2	1	1	1	3	218.7	214.5	30.2	21.5	
10	121	2	1	1	1	4	216.0	236.3	36.8	20.8	
10	121	2	1	1	2	1	369.9	166.4	74.4	122.5	
10	121	2	1	1	2	2	373.3	187.6	52.3	24.2	
10	121	2	1	1	2	3	379.7	211.5	31.4	23.4	
10	121	2	1	1	2	4	378.7	234.6	38.6	23.1	
11	122	2	1	1	0	1	372.8	179.1	73.1	109.1	
11	122	2	1	1	0	2	379.1	197.0	56.9	23.0	
11	122	2	1	1	0	3	395.4	220.3	28.5	19.2	
11	122	2	1	1	0	4	389.4	239.5	38.4	24.0	
11	122	2	1	1	1	1	202.2	177.7	77.3	109.1	
11	122	2	1	1	1	2	207.2	196.6	66.2	23.0	
11	122	2	1	1	1	3	224.3	219.3	30.6	21.4	
11	122	2	1	1	1	4	220.3	240.5	40.5	23.3	
11	122	2	1	1	2	1	287.2	178.1	80.5	113.0	
11	122	2	1	1	2	2	297.1	194.0	59.0	24.0	
11	122	2	1	1	2	3	312.3	218.2	29.9	22.8	
11	122	2	1	1	2	4	308.0	241.0	39.7	23.7	
12	123	2	1	1	0	1	363.5	170.4	76.5	115.5	
12	123	2	1	1	0	2	383.7	188.9	53.6	23.6	
12	123	2	1	1	0	3	401.3	212.2	30.2	20.2	
12	123	2	1	1	0	4	397.8	232.1	36.2	24.0	
12	123	2	1	1	1	1	198.1	171.4	75.0	110.3	
12	123	2	1	1	1	2	212.2	188.3	58.1	24.0	
12	123	2	1	1	1	3	232.5	212.5	30.7	22.4	
12	123	2	1	1	1	4	226.4	234.7	40.5	23.0	
12	123	2	1	1	2	1	282.9	168.4	71.8	117.1	
12	123	2	1	1	2	2	293.8	188.9	57.4	23.3	
12	123	2	1	1	2	3	312.6	212.5	32.5	22.1	
12	123	2	1	1	2	4	309.0	234.7	39.5	19.5	
13	31	1	1	1	0	1	287.2	175.6	83.0	124.7	
13	31	1	1	1	0	2	287.9	197.4	63.5	28.1	
13	31	1	1	1	0	3	297.9	225.2	32.8	23.0	
13	31	1	1	1	0	4	293.6	248.6	46.7	24.6	
14	32	1	1	1	0	1	281.0	174.7	83.5	127.3	
14	32	1	1	1	0	2	288.7	198.6	66.2	26.8	
14	32	1	1	1	0	3	306.7	225.2	30.7	23.4	
14	32	1	1	1	0	4	298.9	248.4	46.7	24.6	
15	33	1	1	1	0	1	269.4	175.4	88.3	125.7	
15	33	1	1	1	0	2	292.7	196.7	63.3	28.1	
15	33	1	1	1	0	3	315.5	224.5	32.5	23.7	
15	33	1	1	1	0	4	305.4	248.7	45.4	23.3	
16	131	2	1	1	0	1	372.0	180.7	76.6	110.6	
16	131	2	1	1	0	2	374.9	195.4	55.6	25.2	
16	131	2	1	1	0	3	381.3	220.9	31.2	21.8	
16	131	2	1	1	0	4	384.4	242.5	31.8	19.1	
16	131	2	1	1	1	1	206.7	179.4	65.6	111.0	
16	131	2	1	1	1	2	208.2	201.4	50.0	23.3	
16	131	2	1	1	1	3	213.0	224.3	26.1	20.5	
16	131	2	1	1	1	4	209.6	245.2	34.2	20.5	
16	131	2	1	1	2	1	285.3	184.1	77.4	108.8	
16	131	2	1	1	2	2	288.2	200.1	57.5	25.2	
16	131	2	1	1	2	3	297.1	225.1	30.6	22.4	
16	131	2	1	1	2	4	295.5	247.8	39.4	21.1	
17	132	2	1	1	0	1	370.4	176.1	77.9	121.9	
17	132	2	1	1	0	2	376.4	198.7	63.1	26.5	
17	132	2	1	1	0	3	391.8	224.9	31.8	23.1	
17	132	2	1	1	0	4	384.2	247.8	45.6	21.1	
17	132	2	1	1	1	1	195.2	170.1	81.7	125.1	
17	132	2	1	1	1	2	202.0	190.0	67.6	31.3	
17	132	2	1	1	1	3	220.5	221.0	32.6	23.1	
17	132	2	1	1	1	4	216.3	243.8	43.4	22.7	
17	132	2	1	1	2	1	283.9	176.4	81.1	117.1	
17	132	2	1	1	2	2	292.4	196.6	64.3	24.9	
17	132	2	1	1	2	3	310.3	221.2	27.6	21.1	
17	132	2	1	1	2	4	301.9	242.8	41.4	21.5	
18	133	2	1	1	0	1	199.5	178.4	73.9	116.8	
18	133	2	1	1	0	2	216.7	201.4	54.0	24.0	
18	133	2	1	1	0	3	235.7	225.0	28.2	19.5	
18	133	2	1	1	0	4	229.6	244.5	37.6	20.5	
18	133	2	1	1	1	1	283.4	180.4	74.2	116.1	
18	133	2	1	1	1	2	299.1	199.4	55.5	25.2	
18	133	2	1	1	1	3	315.7	224.2	30.1	23.1	
18	133	2	1	1	1	4	310.4	247.1	38.9	21.1	
18	133	2	1	1	2	1	365.3	179.1	74.4	116.5	
18	133	2	1	1	2	2	382.1	200.1	54.3	26.8	
18	133	2	1	1	2	3	398.9	227.3	31.7	20.2	
18	133	2	1	1	2	4	392.8	247.8	40.0	22.1	
19	41	1	1	1	0	1	285.6	175.4	85.3	127.3	
19	41	1	1	1	0	2	287.9	191.6	66.2	32.6	
19	41	1	1	1	0	3	299.5	224.5	35.2	26.0	
19	41	1	1	1	0	4	297.1	250.0	43.5	20.4	
20	42	1	1	1	0	1	275.7	175.6	88.5	127.9	
20	42	1	1	1	0	2	284.7	192.0	70.3	30.3	
20	42	1	1	1	0	3	304.7	222.7	33.1	25.3	
20	42	1	1	1	0	4	298.9	248.0	43.4	21.1	
21	43	1	1	1	0	1	268.0	174.1	88.1	130.5	
21	43	1	1	1	0	2	286.1	190.7	67.6	34.9	
21	43	1	1	1	0	3	309.9	225.9	33.4	25.6	
21	43	1	1	1	0	4	305.3	251.6	41.8	21.8	
22	141	2	1	1	0	1	284.0	182.7	74.4	109.1	
22	141	2	1	1	0	2	286.4	198.4	54.3	29.7	
22	141	2	1	1	0	3	296.8	228.4	30.1	20.2	
22	141	2	1	1	0	4	293.6	248.5	38.2	19.6	
22	141	2	1	1	1	1	204.8	180.4	69.9	111.7	
22	141	2	1	1	1	2	207.1	198.7	53.7	24.0	
22	141	2	1	1	1	3	214.2	222.3	30.9	22.1	
22	141	2	1	1	1	4	213.4	244.8	37.0	20.1	
22	141	2	1	1	2	1	372.3	181.4	70.9	110.0	
22	141	2	1	1	2	2	373.9	200.0	53.7	24.9	
22	141	2	1	1	2	3	381.8	225.3	29.0	23.0	
22	141	2	1	1	2	4	378.4	248.7	40.3	19.5	
23	142	2	1	1	0	1	367.2	178.4	76.3	119.9	
23	142	2	1	1	0	2	374.1	199.4	60.7	28.1	
23	142	2	1	1	0	3	387.7	227.8	33.3	20.8	
23	142	2	1	1	0	4	383.8	248.5	40.5	18.9	
23	142	2	1	1	1	1	196.0	179.1	76.0	117.8	
23	142	2	1	1	1	2	202.8	196.9	61.1	25.5	
23	142	2	1	1	1	3	217.6	222.8	33.3	22.4	
23	142	2	1	1	1	4	213.9	245.0	38.9	21.4	
23	142	2	1	1	2	1	283.4	178.7	70.5	119.0	
23	142	2	1	1	2	2	292.2	199.1	55.6	25.9	
23	142	2	1	1	2	3	304.2	225.3	32.5	21.5	
23	142	2	1	1	2	4	298.7	246.5	41.6	22.1	
24	143	2	1	1	0	1	199.9	178.1	72.9	116.1	
24	143	2	1	1	0	2	213.0	200.6	56.8	29.4	
24	143	2	1	1	0	3	230.9	230.4	30.1	18.6	
24	143	2	1	1	0	4	227.2	249.2	37.3	18.3	
24	143	2	1	1	1	1	281.2	180.7	73.1	114.5	
24	143	2	1	1	1	2	293.6	201.4	58.0	24.9	
24	143	2	1	1	1	3	313.4	226.6	29.8	21.1	
24	143	2	1	1	1	4	309.0	247.5	37.6	22.4	
24	143	2	1	1	2	1	363.5	181.8	75.4	118.0	
24	143	2	1	1	2	2	374.8	199.4	61.2	28.1	
24	143	2	1	1	2	3	393.3	227.9	32.2	22.1	
24	143	2	1	1	2	4	389.1	250.4	40.6	21.7	
25	51	1	1	1	0	1	290.1	174.7	80.5	126.9	
25	51	1	1	1	0	2	292.3	193.7	64.6	32.6	
25	51	1	1	1	0	3	301.9	226.6	34.1	22.1	
25	51	1	1	1	0	4	299.0	248.7	45.3	22.7	
26	52	1	1	1	0	1	281.8	173.4	81.0	128.9	
26	52	1	1	1	0	2	287.4	193.8	68.3	32.0	
26	52	1	1	1	0	3	305.1	226.1	33.8	24.0	
26	52	1	1	1	0	4	299.2	250.0	47.4	23.0	
27	53	1	1	1	0	1	273.8	174.1	83.7	129.2	
27	53	1	1	1	0	2	287.4	189.0	65.8	33.8	
27	53	1	1	1	0	3	311.0	222.5	35.0	25.0	
27	53	1	1	1	0	4	305.4	247.7	42.4	24.0	
28	151	2	1	1	0	1	371.1	175.4	75.5	122.6	
28	151	2	1	1	0	2	373.2	193.0	57.2	30.1	
28	151	2	1	1	0	3	380.7	223.4	31.0	23.7	
28	151	2	1	1	0	4	377.4	247.0	40.8	20.8	
28	151	2	1	1	1	1	202.6	172.1	76.0	124.5	
28	151	2	1	1	1	2	207.4	196.3	55.6	24.9	
28	151	2	1	1	1	3	214.4	221.5	29.6	23.7	
28	151	2	1	1	1	4	211.5	245.0	39.2	20.8	
28	151	2	1	1	2	1	289.3	175.7	73.1	121.9	
28	151	2	1	1	2	2	291.6	195.0	53.9	27.4	
28	151	2	1	1	2	3	298.4	222.8	29.3	21.5	
28	151	2	1	1	2	4	296.3	244.7	36.1	22.7	
29	152	2	1	1	0	1	197.6	174.7	75.3	122.5	
29	152	2	1	1	0	2	205.5	193.7	58.6	29.1	
29	152	2	1	1	0	3	220.0	222.4	28.8	24.3	
29	152	2	1	1	0	4	216.0	246.7	40.6	20.4	
29	152	2	1	1	1	1	287.4	178.1	69.7	118.0	
29	152	2	1	1	1	2	292.1	196.6	58.2	26.1	
29	152	2	1	1	1	3	306.6	222.5	28.5	23.7	
29	152	2	1	1	1	4	303.7	246.7	36.9	24.0	
29	152	2	1	1	2	1	364.7	178.4	78.0	117.1	
29	152	2	1	1	2	2	373.0	193.3	62.2	28.8	
29	152	2	1	1	2	3	391.1	221.7	28.6	23.4	
29	152	2	1	1	2	4	385.5	245.1	38.5	22.1	
30	153	2	1	1	0	1	366.6	178.4	74.2	120.9	
30	153	2	1	1	0	2	378.8	193.9	60.4	29.0	
30	153	2	1	1	0	3	403.1	223.3	30.4	23.7	
30	153	2	1	1	0	4	398.3	247.3	35.6	22.4	
30	153	2	1	1	1	1	199.2	177.1	64.9	116.8	
30	153	2	1	1	1	2	212.1	199.3	50.5	24.2	
30	153	2	1	1	1	3	230.7	223.3	27.5	19.2	
30	153	2	1	1	1	4	226.4	242.9	32.9	23.3	
30	153	2	1	1	2	1	280.8	180.1	75.3	113.8	
30	153	2	1	1	2	2	293.2	199.6	59.8	22.3	
30	153	2	1	1	2	3	314.4	221.6	28.8	23.7	
30	153	2	1	1	2	4	309.3	245.0	36.4	25.0	
31	61	1	1	1	0	1	290.6	175.4	75.3	128.6	
31	61	1	1	1	0	2	292.9	195.4	57.1	29.0	
31	61	1	1	1	0	3	299.2	224.7	31.8	27.9	
31	61	1	1	1	0	4	299.7	252.6	33.9	26.5	
32	62	1	1	1	0	1	279.2	175.4	83.5	127.3	
32	62	1	1	1	0	2	288.1	192.3	65.5	29.7	
32	62	1	1	1	0	3	305.5	221.7	31.3	27.9	
32	62	1	1	1	0	4	301.5	249.9	38.7	25.3	
33	63	1	1	1	0	1	272.8	174.1	82.5	128.9	
33	63	1	1	1	0	2	292.5	194.3	59.1	29.0	
33	63	1	1	1	0	3	311.8	223.0	33.0	26.6	
33	63	1	1	1	0	4	310.1	249.4	35.6	27.5	
34	161	2	1	1	0	1	205.6	179.8	70.4	109.5	
34	161	2	1	1	0	2	208.4	199.6	49.5	25.2	
34	161	2	1	1	0	3	215.2	225.2	26.5	22.1	
34	161	2	1	1	0	4	214.4	247.1	31.2	22.1	
34	161	2	1	1	1	1	287.2	179.7	72.1	109.4	
34	161	2	1	1	1	2	290.8	199.6	51.5	22.9	
34	161	2	1	1	1	3	297.8	222.9	26.9	20.8	
34	161	2	1	1	1	4	297.0	244.1	34.2	20.8	
34	161	2	1	1	2	1	374.3	179.7	69.6	110.4	
34	161	2	1	1	2	2	377.2	196.1	48.9	25.5	
34	161	2	1	1	2	3	381.1	221.3	29.9	22.4	
34	161	2	1	1	2	4	382.3	244.1	33.4	20.4	
35	162	2	1	1	0	1	375.5	179.4	70.9	115.2	
35	162	2	1	1	0	2	384.1	200.6	53.7	24.9	
35	162	2	1	1	0	3	396.2	225.9	29.4	23.1	
35	162	2	1	1	0	4	393.0	248.8	35.0	22.1	
35	162	2	1	1	1	1	197.8	183.1	74.9	112.0	
35	162	2	1	1	1	2	206.6	200.3	55.8	24.0	
35	162	2	1	1	1	3	220.8	224.5	28.0	20.8	
35	162	2	1	1	1	4	218.1	244.8	34.5	21.1	
35	162	2	1	1	2	1	285.1	183.8	72.3	111.3	
35	162	2	1	1	2	2	293.0	200.6	54.3	25.2	
35	162	2	1	1	2	3	304.8	225.5	30.4	24.3	
35	162	2	1	1	2	4	301.0	249.7	38.5	23.0	
36	163	2	1	1	0	1	194.9	177.4	74.6	115.2	
36	163	2	1	1	0	2	211.7	197.3	52.7	26.1	
36	163	2	1	1	0	3	228.6	223.2	31.0	23.4	
36	163	2	1	1	0	4	227.2	246.4	32.1	21.8	
36	163	2	1	1	1	1	279.5	176.1	69.4	115.2	
36	163	2	1	1	1	2	294.8	198.6	52.6	25.5	
36	163	2	1	1	1	3	312.8	223.9	28.0	22.1	
36	163	2	1	1	1	4	307.7	245.8	33.9	21.4	
36	163	2	1	1	2	1	368.5	177.1	69.0	114.5	
36	163	2	1	1	2	2	383.7	198.6	51.0	26.8	
36	163	2	1	1	2	3	398.6	225.2	32.3	22.1	
36	163	2	1	1	2	4	395.1	247.1	33.4	20.8	
37	72	1	2	1	0	1	172.3	125.3	78.1	128.8	
37	72	1	2	1	0	2	184.4	159.5	55.5	24.0	
37	72	1	2	1	0	3	199.4	183.1	27.5	23.2	
37	72	1	2	1	0	4	193.8	206.7	38.6	19.2	
37	72	1	2	1	1	1	286.3	125.1	78.3	132.7	
37	72	1	2	1	1	2	298.2	162.7	55.7	21.6	
37	72	1	2	1	1	3	313.2	184.6	27.9	21.6	
37	72	1	2	1	1	4	308.9	206.2	36.6	26.2	
37	72	1	2	1	2	1	390.2	127.5	76.1	128.5	
37	72	1	2	1	2	2	398.5	161.0	57.9	26.6	
37	72	1	2	1	2	3	413.2	187.9	29.7	21.6	
37	72	1	2	1	2	4	408.9	209.4	38.7	23.2	
37	72	1	2	1	3	1	173.8	307.4	77.0	119.1	
37	72	1	2	1	3	2	182.5	336.8	57.5	25.2	
37	72	1	2	1	3	3	198.3	361.7	26.5	22.4	
37	72	1	2	1	3	4	192.3	383.8	37.2	18.4	
37	72	1	2	1	4	1	282.8	297.4	76.6	127.5	
37	72	1	2	1	4	2	291.1	328.4	60.1	27.6	
37	72	1	2	1	4	3	305.6	356.3	29.7	24.3	
37	72	1	2	1	4	4	301.6	380.4	39.2	18.9	
37	72	1	2	1	5	1	390.5	312.1	72.1	114.4	
37	72	1	2	1	5	2	399.7	336.8	54.2	24.7	
37	72	1	2	1	5	3	413.3	361.1	26.7	23.8	
37	72	1	2	1	5	4	409.5	385.4	33.3	22.6	
38	145	2	2	1	0	1	198.2	179.5	75.5	115.2	
38	145	2	2	1	0	2	207.9	199.3	57.0	26.6	
38	145	2	2	1	0	3	222.9	225.5	27.4	22.0	
38	145	2	2	1	0	4	218.7	247.9	34.6	18.1	
38	145	2	2	1	1	1	284.9	179.8	73.6	116.0	
38	145	2	2	1	1	2	293.1	199.5	58.0	24.7	
38	145	2	2	1	1	3	307.0	224.6	28.7	20.5	
38	145	2	2	1	1	4	303.9	245.1	38.3	25.0	
38	145	2	2	1	2	1	366.0	176.8	78.3	117.7	
38	145	2	2	1	2	2	376.5	200.2	56.7	23.2	
38	145	2	2	1	2	3	391.5	223.0	28.1	20.7	
38	145	2	2	1	2	4	385.8	244.0	38.8	21.9	
39	153	2	2	1	0	1	279.9	178.6	67.2	114.1	
39	153	2	2	1	0	2	294.6	198.4	50.4	26.0	
39	153	2	2	1	0	3	312.7	224.7	30.5	20.2	
39	153	2	2	1	0	4	309.2	244.9	34.3	20.0	
39	153	2	2	1	1	1	200.3	180.8	67.2	110.4	
39	153	2	2	1	1	2	211.3	196.4	53.2	25.5	
39	153	2	2	1	1	3	229.5	222.2	28.1	21.5	
39	153	2	2	1	1	4	224.7	244.0	35.0	21.3	
39	153	2	2	1	2	1	360.4	182.2	71.8	108.6	
39	153	2	2	1	2	2	378.5	202.9	49.5	21.7	
39	153	2	2	1	2	3	392.4	224.3	31.2	21.0	
39	153	2	2	1	2	4	388.7	245.3	34.4	19.2	
40	161	2	2	1	0	1	205.2	180.0	54.3	106.7	
40	161	2	2	1	0	2	206.0	199.5	39.6	22.8	
40	161	2	2	1	0	3	205.4	222.6	25.6	21.8	
40	161	2	2	1	0	4	208.8	244.6	25.7	21.3	
40	161	2	2	1	1	1	284.2	180.7	61.9	109.9	
40	161	2	2	1	1	2	288.9	198.1	39.6	19.9	
40	161	2	2	1	1	3	284.3	217.8	31.8	22.2	
40	161	2	2	1	1	4	285.8	240.2	34.0	24.8	
40	161	2	2	1	2	1	372.4	179.8	62.7	112.2	
40	161	2	2	1	2	2	374.5	199.8	45.2	26.0	
40	161	2	2	1	2	3	372.4	226.1	28.8	19.8	
40	161	2	2	1	2	4	375.9	245.6	30.6	21.6	
41	125	2	2	1	0	1	373.8	174.9	71.9	110.7	
41	125	2	2	1	0	2	388.1	192.8	44.8	22.1	
41	125	2	2	1	0	3	396.9	214.6	28.3	20.7	
41	125	2	2	1	0	4	393.0	235.7	36.5	23.7	
41	125	2	2	1	1	1	201.7	173.1	73.4	115.0	
41	125	2	2	1	1	2	210.6	192.2	56.3	25.4	
41	125	2	2	1	1	3	223.9	217.2	28.4	20.5	
41	125	2	2	1	1	4	220.9	237.3	37.1	22.4	
41	125	2	2	1	2	1	289.2	173.6	79.8	112.8	
41	125	2	2	1	2	2	298.9	191.3	59.2	25.4	
41	125	2	2	1	2	3	314.8	216.9	27.4	20.7	
41	125	2	2	1	2	4	309.6	237.2	36.3	18.7	
42	115	2	2	1	0	1	371.8	184.0	71.9	106.6	
42	115	2	2	1	0	2	381.6	202.0	52.3	22.4	
42	115	2	2	1	0	3	393.7	224.7	26.5	21.4	
42	115	2	2	1	0	4	387.4	246.1	39.3	18.7	
42	115	2	2	1	1	1	197.5	182.2	77.6	107.7	
42	115	2	2	1	1	2	207.2	200.2	57.0	23.0	
42	115	2	2	1	1	3	222.3	223.4	28.6	23.3	
42	115	2	2	1	1	4	217.8	246.4	36.9	20.0	
42	115	2	2	1	2	1	287.2	182.9	74.1	109.6	
42	115	2	2	1	2	2	298.2	200.4	54.6	22.4	
42	115	2	2	1	2	3	311.2	222.5	27.3	22.0	
42	115	2	2	1	2	4	305.5	244.7	36.5	23.0	
43	131	2	2	1	0	1	291.3	174.5	64.7	119.1	
43	131	2	2	1	0	2	294.6	200.2	41.7	22.8	
43	131	2	2	1	0	3	291.3	223.2	29.3	20.9	
43	131	2	2	1	0	4	294.2	243.7	31.5	20.7	
43	131	2	2	1	1	1	201.6	177.1	67.8	114.2	
43	131	2	2	1	1	2	204.2	196.4	42.9	24.2	
43	131	2	2	1	1	3	201.7	221.0	29.3	21.4	
43	131	2	2	1	1	4	204.6	242.6	30.7	21.6	
43	131	2	2	1	2	1	372.3	180.4	68.5	110.3	
43	131	2	2	1	2	2	374.3	198.0	48.1	24.1	
43	131	2	2	1	2	3	372.5	222.2	31.8	21.1	
43	131	2	2	1	2	4	379.5	243.0	32.2	22.4	
44	125	2	2	2	0	1	200.3	183.0	73.7	108.4	
44	125	2	2	2	0	2	211.5	201.5	50.5	20.2	
44	125	2	2	2	0	3	224.6	222.0	27.6	20.1	
44	125	2	2	2	0	4	216.2	242.2	41.1	22.9	
44	125	2	2	2	1	1	286.5	186.9	76.6	105.6	
44	125	2	2	2	1	2	297.4	204.2	55.0	22.8	
44	125	2	2	2	1	3	311.8	227.2	26.7	22.0	
44	125	2	2	2	1	4	305.0	248.8	39.2	22.4	
44	125	2	2	2	2	1	371.8	182.9	73.1	113.0	
44	125	2	2	2	2	2	381.3	200.4	54.3	23.2	
44	125	2	2	2	2	3	393.7	223.9	29.4	22.0	
44	125	2	2	2	2	4	389.4	246.1	37.2	22.0	
45	162	2	2	1	0	1	369.7	179.5	73.8	116.4	
45	162	2	2	1	0	2	380.5	200.2	54.3	25.8	
45	162	2	2	1	0	3	392.3	225.6	28.6	23.9	
45	162	2	2	1	0	4	390.0	249.9	34.5	22.0	
45	162	2	2	1	1	1	199.0	181.6	74.0	116.5	
45	162	2	2	1	1	2	208.7	200.2	57.4	26.6	
45	162	2	2	1	1	3	223.6	226.4	30.1	22.8	
45	162	2	2	1	1	4	218.8	249.1	39.2	23.0	
45	162	2	2	1	2	1	285.0	180.0	73.1	118.4	
45	162	2	2	1	2	2	292.6	202.2	58.2	28.1	
45	162	2	2	1	2	3	307.0	230.6	27.8	23.1	
45	162	2	2	1	2	4	302.6	253.6	35.9	20.7	
46	141	2	2	1	0	1	288.1	182.9	65.2	109.4	
46	141	2	2	1	0	2	288.1	199.0	42.8	24.7	
46	141	2	2	1	0	3	287.9	224.1	29.2	21.5	
46	141	2	2	1	0	4	290.7	245.7	31.4	19.6	
46	141	2	2	1	1	1	203.6	180.7	65.1	108.3	
46	141	2	2	1	1	2	206.6	203.3	42.6	21.9	
46	141	2	2	1	1	3	203.8	225.5	28.1	20.7	
46	141	2	2	1	1	4	206.0	246.4	31.2	20.0	
46	141	2	2	1	2	1	371.3	183.5	65.9	110.9	
46	141	2	2	1	2	2	371.4	200.8	46.0	26.8	
46	141	2	2	1	2	3	371.1	228.0	30.6	21.5	
46	141	2	2	1	2	4	373.2	250.0	32.2	22.0	
47	135	2	2	1	0	1	369.7	179.1	78.1	116.7	
47	135	2	2	1	0	2	379.1	199.3	56.4	25.8	
47	135	2	2	1	0	3	393.7	225.4	28.1	22.2	
47	135	2	2	1	0	4	385.3	247.9	46.3	19.8	
47	135	2	2	1	1	1	199.0	174.2	73.2	120.1	
47	135	2	2	1	1	2	206.6	194.0	59.4	26.4	
47	135	2	2	1	1	3	221.6	220.7	30.2	22.4	
47	135	2	2	1	1	4	216.8	243.4	39.4	24.1	
47	135	2	2	1	2	1	284.2	177.7	76.9	116.9	
47	135	2	2	1	2	2	293.9	198.0	55.6	26.2	
47	135	2	2	1	2	3	305.7	223.8	29.3	22.7	
47	135	2	2	1	2	4	303.2	246.7	36.2	23.2	
48	153	2	2	2	0	1	280.8	178.4	69.8	116.9	
48	153	2	2	2	0	2	298.3	194.0	48.1	28.3	
48	153	2	2	2	0	3	319.9	222.6	30.7	23.5	
48	153	2	2	2	0	4	316.2	245.8	31.4	19.6	
48	153	2	2	2	1	1	195.3	177.7	65.7	115.2	
48	153	2	2	2	1	2	213.0	201.3	44.6	23.9	
48	153	2	2	2	1	3	236.2	225.5	24.5	22.7	
48	153	2	2	2	1	4	225.2	248.4	31.2	21.9	
48	153	2	2	2	2	1	369.8	180.7	64.8	115.0	
48	153	2	2	2	2	2	387.7	202.9	45.0	26.2	
48	153	2	2	2	2	3	403.1	228.7	31.3	23.7	
48	153	2	2	2	2	4	399.4	252.2	30.8	22.4	
49	143	2	2	1	0	1	366.7	180.7	74.2	113.0	
49	143	2	2	1	0	2	381.4	199.8	55.2	27.2	
49	143	2	2	1	0	3	398.8	227.3	32.6	21.1	
49	143	2	2	1	0	4	396.7	248.2	38.3	18.7	
49	143	2	2	1	1	1	193.9	178.0	80.6	118.2	
49	143	2	2	1	1	2	212.3	198.0	58.7	27.7	
49	143	2	2	1	1	3	230.5	226.0	33.9	21.5	
49	143	2	2	1	1	4	226.0	247.9	40.1	22.6	
49	143	2	2	1	2	1	282.9	178.9	78.9	120.1	
49	143	2	2	1	2	2	300.6	201.7	57.3	24.9	
49	143	2	2	1	2	3	321.3	226.3	30.3	23.7	
49	143	2	2	1	2	4	316.3	249.6	38.2	21.1	
50	135	2	2	2	0	1	282.1	174.6	77.0	119.8	
50	135	2	2	2	0	2	291.7	192.7	57.3	27.5	
50	135	2	2	2	0	3	306.3	219.8	29.3	23.2	
50	135	2	2	2	0	4	298.4	243.4	45.6	23.3	
50	135	2	2	2	1	1	197.6	176.0	75.3	117.6	
50	135	2	2	2	1	2	207.0	193.7	56.3	24.9	
50	135	2	2	2	1	3	220.3	218.9	31.2	24.8	
50	135	2	2	2	1	4	216.1	243.9	39.5	19.8	
50	135	2	2	2	2	1	368.8	176.4	76.2	118.0	
50	135	2	2	2	2	2	378.5	196.7	57.5	25.8	
50	135	2	2	2	2	3	392.4	222.7	29.0	23.1	
50	135	2	2	2	2	4	387.9	246.1	38.5	20.7	
51	152	2	2	1	0	1	201.0	178.0	75.5	114.6	
51	152	2	2	1	0	2	210.0	195.1	56.1	26.6	
51	152	2	2	1	0	3	223.8	222.0	28.7	23.1	
51	152	2	2	1	0	4	218.8	245.5	40.2	18.1	
51	152	2	2	1	1	1	285.0	178.6	77.4	116.7	
51	152	2	2	1	1	2	294.9	197.1	56.5	23.0	
51	152	2	2	1	1	3	308.5	219.8	30.6	24.4	
51	152	2	2	1	1	4	304.1	243.7	38.8	22.6	
51	152	2	2	1	2	1	369.0	176.4	73.8	116.4	
51	152	2	2	1	2	2	377.8	195.9	57.5	24.7	
51	152	2	2	1	2	3	391.6	220.9	32.8	22.2	
51	152	2	2	1	2	4	388.0	243.4	39.5	25.0	
52	163	2	2	1	0	1	277.2	178.6	64.0	114.6	
52	163	2	2	1	0	2	291.9	198.1	45.2	25.4	
52	163	2	2	1	0	3	312.1	223.1	28.6	21.3	
52	163	2	2	1	0	4	310.5	244.7	27.8	20.9	
52	163	2	2	1	1	1	195.4	177.7	64.8	112.2	
52	163	2	2	1	1	2	212.4	198.6	42.3	22.8	
52	163	2	2	1	1	3	229.1	221.1	31.2	22.8	
52	163	2	2	1	1	4	225.2	244.0	30.0	22.0	
52	163	2	2	1	2	1	361.8	180.4	66.4	115.2	
52	163	2	2	1	2	2	375.8	201.1	50.5	24.9	
52	163	2	2	1	2	3	397.4	225.6	30.5	20.5	
52	163	2	2	1	2	4	393.5	245.8	32.4	21.3	
53	123	2	2	1	0	1	286.3	175.1	71.2	115.2	
53	123	2	2	1	0	2	302.0	197.7	51.7	21.3	
53	123	2	2	1	0	3	320.6	218.6	28.4	20.2	
53	123	2	2	1	0	4	317.6	238.9	33.7	24.3	
53	123	2	2	1	1	1	199.6	175.1	81.9	115.1	
53	123	2	2	1	1	2	218.4	194.4	61.0	26.8	
53	123	2	2	1	1	3	238.1	221.5	32.0	21.8	
53	123	2	2	1	1	4	232.3	243.0	41.5	22.6	
53	123	2	2	1	2	1	364.7	178.9	74.0	112.0	
53	123	2	2	1	2	2	380.7	194.6	55.2	23.6	
53	123	2	2	1	2	3	398.8	217.9	33.2	22.7	
53	123	2	2	1	2	4	396.4	240.8	36.5	24.5	
54	142	2	2	1	0	1	288.6	176.7	76.9	116.3	
54	142	2	2	1	0	2	300.1	197.3	56.5	26.8	
54	142	2	2	1	0	3	314.1	223.7	28.0	22.0	
54	142	2	2	1	0	4	308.4	246.1	37.5	17.9	
54	142	2	2	1	1	1	201.1	174.8	77.6	117.3	
54	142	2	2	1	1	2	209.2	197.7	55.1	23.9	
54	142	2	2	1	1	3	220.2	221.1	26.5	23.7	
54	142	2	2	1	1	4	215.2	244.6	37.9	21.1	
54	142	2	2	1	2	1	375.2	176.7	72.8	118.4	
54	142	2	2	1	2	2	382.7	197.5	57.7	23.4	
54	142	2	2	1	2	3	396.6	220.6	30.1	22.8	
54	142	2	2	1	2	4	392.8	243.0	38.9	23.5	
55	113	2	2	1	0	1	283.1	177.7	64.6	116.0	
55	113	2	2	1	0	2	302.7	202.2	42.3	23.2	
55	113	2	2	1	0	3	320.5	225.1	27.1	20.5	
55	113	2	2	1	0	4	312.9	245.8	30.5	17.0	
55	113	2	2	1	1	1	207.5	178.4	61.1	110.9	
55	113	2	2	1	1	2	224.6	202.1	45.2	20.9	
55	113	2	2	1	1	3	239.6	223.3	29.0	22.0	
55	113	2	2	1	1	4	236.6	245.5	30.7	20.4	
55	113	2	2	1	2	1	361.2	175.5	63.5	115.9	
55	113	2	2	1	2	2	378.8	202.2	45.2	23.8	
55	113	2	2	1	2	3	394.6	225.7	30.5	21.4	
55	113	2	2	1	2	4	389.3	247.3	32.9	20.0	
56	121	2	2	1	0	1	204.7	178.2	68.0	115.9	
56	121	2	2	1	0	2	209.3	197.3	43.0	21.7	
56	121	2	2	1	0	3	204.7	219.3	31.6	22.2	
56	121	2	2	1	0	4	204.7	241.1	33.9	24.5	
56	121	2	2	1	1	1	288.5	178.6	67.1	115.4	
56	121	2	2	1	1	2	291.7	197.7	47.7	22.8	
56	121	2	2	1	1	3	288.6	220.8	32.8	23.5	
56	121	2	2	1	1	4	292.3	244.6	35.4	21.6	
56	121	2	2	1	2	1	377.4	178.6	62.7	112.0	
56	121	2	2	1	2	2	380.8	199.5	43.5	23.8	
56	121	2	2	1	2	3	377.4	223.0	26.7	20.5	
56	121	2	2	1	2	4	379.6	243.1	30.8	22.6	
57	155	2	2	1	0	1	364.6	177.1	76.9	119.4	
57	155	2	2	1	0	2	372.8	193.1	60.3	28.9	
57	155	2	2	1	0	3	386.7	221.7	32.6	23.2	
57	155	2	2	1	0	4	382.3	245.4	40.9	19.6	
57	155	2	2	1	1	1	196.7	173.6	77.6	121.0	
57	155	2	2	1	1	2	203.8	196.0	62.0	26.4	
57	155	2	2	1	1	3	219.5	222.7	30.7	26.5	
57	155	2	2	1	1	4	215.2	249.0	38.6	22.0	
57	155	2	2	1	2	1	283.5	174.7	74.8	122.4	
57	155	2	2	1	2	2	289.8	197.1	61.5	24.7	
57	155	2	2	1	2	3	305.5	222.0	28.7	21.4	
57	155	2	2	1	2	4	301.2	243.1	38.2	22.4	
58	111	2	2	1	0	1	209.4	174.6	77.2	131.2	
58	111	2	2	1	0	2	213.6	205.2	43.9	23.8	
58	111	2	2	1	0	3	209.4	229.3	29.4	23.7	
58	111	2	2	1	0	4	212.4	253.2	32.8	19.4	
58	111	2	2	1	1	1	294.9	173.3	71.2	131.0	
58	111	2	2	1	1	2	298.2	200.2	46.7	25.1	
58	111	2	2	1	1	3	294.9	224.9	30.7	20.9	
58	111	2	2	1	1	4	298.4	246.1	30.0	21.7	
58	111	2	2	1	2	1	372.4	172.6	78.5	131.7	
58	111	2	2	1	2	2	377.2	199.5	49.3	25.0	
58	111	2	2	1	2	3	372.4	224.8	31.2	21.1	
58	111	2	2	1	2	4	372.6	246.1	33.8	18.7	
59	163	2	2	2	0	1	285.6	183.4	69.1	110.9	
59	163	2	2	2	0	2	297.9	201.3	52.0	25.1	
59	163	2	2	2	0	3	315.6	226.8	28.7	22.2	
59	163	2	2	2	0	4	313.4	249.3	33.7	21.6	
59	163	2	2	2	1	1	199.6	184.9	61.3	109.2	
59	163	2	2	2	1	2	210.1	200.2	48.7	25.5	
59	163	2	2	2	1	3	226.0	226.0	26.5	21.8	
59	163	2	2	2	1	4	223.2	248.1	32.7	21.3	
59	163	2	2	2	2	1	374.6	184.7	64.2	109.4	
59	163	2	2	2	2	2	389.8	203.5	47.1	25.6	
59	163	2	2	2	2	3	404.4	228.7	28.6	20.7	
59	163	2	2	2	2	4	399.3	249.8	33.0	21.1	
60	133	2	2	1	0	1	281.5	174.2	69.8	123.7	
60	133	2	2	1	0	2	302.7	201.6	45.8	23.0	
60	133	2	2	1	0	3	322.7	224.3	28.6	20.7	
60	133	2	2	1	0	4	316.9	245.1	31.4	21.6	
60	133	2	2	1	1	1	196.7	179.0	73.5	117.5	
60	133	2	2	1	1	2	224.2	198.0	42.6	26.4	
60	133	2	2	1	1	3	240.2	224.6	30.0	22.2	
60	133	2	2	1	1	4	236.0	247.3	29.3	21.7	
60	133	2	2	1	2	1	367.3	177.3	72.9	121.1	
60	133	2	2	1	2	2	392.1	202.9	43.9	23.2	
60	133	2	2	1	2	3	412.3	225.7	28.0	20.7	
60	133	2	2	1	2	4	408.6	246.6	29.9	24.2	
61	113	2	2	2	0	1	204.4	177.1	65.1	115.1	
61	113	2	2	2	0	2	216.4	197.7	50.4	24.5	
61	113	2	2	2	0	3	231.0	221.8	29.7	23.1	
61	113	2	2	2	0	4	224.6	244.6	37.7	18.7	
61	113	2	2	2	1	1	284.9	172.4	69.9	120.1	
61	113	2	2	2	1	2	301.2	202.2	51.0	23.6	
61	113	2	2	2	1	3	318.3	226.1	28.7	21.8	
61	113	2	2	2	1	4	314.0	247.5	35.9	18.3	
61	113	2	2	2	2	1	367.4	174.0	77.0	120.5	
61	113	2	2	2	2	2	385.2	200.3	56.7	24.2	
61	113	2	2	2	2	3	405.1	224.3	29.4	22.2	
61	113	2	2	2	2	4	400.0	246.4	34.6	22.9	
62	143	2	2	2	0	1	368.8	176.4	65.0	115.1	
62	143	2	2	2	0	2	387.1	199.3	46.0	24.5	
62	143	2	2	2	0	3	405.8	224.1	27.9	21.1	
62	143	2	2	2	0	4	400.9	244.9	30.0	18.2	
62	143	2	2	2	1	1	196.7	177.3	64.2	114.7	
62	143	2	2	2	1	2	215.7	198.4	39.7	22.1	
62	143	2	2	2	1	3	235.1	220.8	25.8	19.7	
62	143	2	2	2	1	4	231.5	240.6	26.6	21.7	
62	143	2	2	2	2	1	279.4	181.6	70.5	106.0	
62	143	2	2	2	2	2	300.4	194.9	46.0	27.0	
62	143	2	2	2	2	3	319.1	222.2	30.8	23.1	
62	143	2	2	2	2	4	316.3	245.0	29.3	24.5	
63	133	2	2	2	0	1	199.6	174.6	77.6	119.2	
63	133	2	2	2	0	2	215.7	195.1	56.8	25.1	
63	133	2	2	2	0	3	236.6	219.8	30.0	23.1	
63	133	2	2	2	0	4	230.0	242.6	38.8	22.9	
63	133	2	2	2	1	1	283.5	172.2	75.1	119.0	
63	133	2	2	2	1	2	300.4	194.6	58.0	24.7	
63	133	2	2	2	1	3	316.4	219.6	33.3	22.4	
63	133	2	2	2	1	4	313.9	242.1	35.9	22.4	
63	133	2	2	2	2	1	366.7	174.0	74.1	117.5	
63	133	2	2	2	2	2	382.8	193.3	53.2	25.8	
63	133	2	2	2	2	3	399.5	219.4	30.0	22.0	
63	133	2	2	2	2	4	398.6	241.1	33.2	20.7	
64	162	2	2	2	0	1	291.3	176.8	71.9	112.6	
64	162	2	2	2	0	2	301.5	194.0	52.4	25.1	
64	162	2	2	2	0	3	314.7	219.4	26.8	23.1	
64	162	2	2	2	0	4	310.4	242.8	35.9	22.0	
64	162	2	2	2	1	1	206.0	179.9	71.2	106.9	
64	162	2	2	2	1	2	214.6	194.0	54.4	24.9	
64	162	2	2	2	1	3	228.6	218.5	26.0	23.1	
64	162	2	2	2	1	4	224.3	241.2	35.2	20.7	
64	162	2	2	2	2	1	372.4	180.2	73.4	112.0	
64	162	2	2	2	2	2	380.7	199.3	55.4	25.3	
64	162	2	2	2	2	3	395.1	224.2	28.6	23.5	
64	162	2	2	2	2	4	390.2	247.5	39.1	18.8	
65	123	2	2	2	0	1	204.6	177.3	65.5	114.5	
65	123	2	2	2	0	2	224.5	196.4	40.9	20.7	
65	123	2	2	2	0	3	242.4	217.3	27.8	22.2	
65	123	2	2	2	0	4	238.7	239.3	28.0	24.2	
65	123	2	2	2	1	1	285.6	180.4	63.6	111.6	
65	123	2	2	2	1	2	304.0	199.0	43.1	21.9	
65	123	2	2	2	1	3	323.2	220.6	26.0	26.1	
65	123	2	2	2	1	4	316.8	246.4	28.8	22.6	
65	123	2	2	2	2	1	362.4	184.3	63.9	110.0	
65	123	2	2	2	2	2	378.5	204.2	47.5	23.2	
65	123	2	2	2	2	3	397.9	227.0	27.1	22.7	
65	123	2	2	2	2	4	393.6	250.0	31.5	20.9	
66	151	2	2	1	0	1	202.3	176.2	69.9	121.4	
66	151	2	2	1	0	2	205.2	192.2	49.0	31.0	
66	151	2	2	1	0	3	202.3	223.5	29.6	23.7	
66	151	2	2	1	0	4	205.3	247.2	32.9	21.6	
66	151	2	2	1	1	1	286.8	177.5	79.4	117.3	
66	151	2	2	1	1	2	288.3	192.3	47.2	29.4	
66	151	2	2	1	1	3	287.0	222.0	32.2	23.9	
66	151	2	2	1	1	4	290.0	245.6	36.5	22.6	
66	151	2	2	1	2	1	376.5	175.4	74.2	121.0	
66	151	2	2	1	2	2	380.1	193.7	46.7	27.4	
66	151	2	2	1	2	3	376.5	221.4	29.4	25.8	
66	151	2	2	1	2	4	381.5	247.4	30.8	23.2	
67	115	2	2	2	0	1	369.7	180.2	74.7	114.7	
67	115	2	2	2	0	2	381.5	202.0	51.7	23.2	
67	115	2	2	2	0	3	393.7	225.5	29.2	22.4	
67	115	2	2	2	0	4	389.3	247.5	36.8	19.0	
67	115	2	2	2	1	1	198.3	181.3	76.1	116.4	
67	115	2	2	2	1	2	208.5	201.1	53.0	22.5	
67	115	2	2	2	1	3	220.8	223.9	29.5	22.4	
67	115	2	2	2	1	4	216.5	246.5	38.9	23.8	
67	115	2	2	2	2	1	284.8	181.3	77.0	112.0	
67	115	2	2	2	2	2	293.1	203.3	56.3	21.3	
67	115	2	2	2	2	3	307.5	224.8	26.7	22.2	
67	115	2	2	2	2	4	303.2	247.3	37.6	22.0	
68	72	1	2	1	0	1	173.6	126.5	75.5	126.9	
68	72	1	2	1	0	2	185.0	158.8	54.2	24.7	
68	72	1	2	1	0	3	199.4	183.1	26.8	23.2	
68	72	1	2	1	0	4	193.2	206.7	37.9	17.9	
68	72	1	2	1	1	1	286.3	126.4	78.3	133.3	
68	72	1	2	1	1	2	298.2	162.0	55.1	21.6	
68	72	1	2	1	1	3	312.5	184.0	28.5	22.9	
68	72	1	2	1	1	4	309.5	206.8	34.7	24.3	
68	72	1	2	1	2	1	388.9	126.9	78.1	131.1	
68	72	1	2	1	2	2	399.1	161.7	56.6	26.0	
68	72	1	2	1	2	3	413.8	187.9	27.7	22.2	
68	72	1	2	1	2	4	408.9	210.0	38.7	21.9	
68	72	1	2	1	3	1	173.8	308.7	76.4	117.1	
68	72	1	2	1	3	2	183.7	337.4	55.0	24.5	
68	72	1	2	1	3	3	197.7	361.7	27.1	22.4	
68	72	1	2	1	3	4	194.2	383.8	34.6	19.0	
68	72	1	2	1	4	1	282.2	298.7	78.6	127.5	
68	72	1	2	1	4	2	291.7	328.4	58.8	26.9	
68	72	1	2	1	4	3	305.6	355.7	29.7	24.3	
68	72	1	2	1	4	4	303.5	379.8	36.7	20.2	
68	72	1	2	1	5	1	390.5	312.1	72.1	116.3	
68	72	1	2	1	5	2	399.1	336.1	52.9	24.7	
68	72	1	2	1	5	3	412.6	360.5	28.6	23.8	
68	72	1	2	1	5	4	410.2	384.8	32.0	22.6	
69	162	2	3	1	0	1	287.2	180.4	71.2	115.0	
69	162	2	3	1	0	2	297.9	199.7	52.2	23.6	
69	162	2	3	1	0	3	309.1	223.0	29.9	23.1	
69	162	2	3	1	0	4	308.1	245.7	31.8	21.6	
69	162	2	3	1	1	1	201.7	180.2	74.1	112.4	
69	162	2	3	1	1	2	210.0	196.0	56.3	24.9	
69	162	2	3	1	1	3	225.1	220.6	27.4	26.2	
69	162	2	3	1	1	4	222.2	247.1	36.0	22.2	
69	162	2	3	1	2	1	373.1	179.8	69.9	114.3	
69	162	2	3	1	2	2	381.1	201.5	56.4	24.9	
69	162	2	3	1	2	3	393.8	226.7	31.2	23.7	
69	162	2	3	1	2	4	391.6	250.1	35.7	19.4	
70	143	2	3	1	0	1	364.0	176.7	69.8	119.4	
70	143	2	3	1	0	2	384.4	196.7	47.9	26.6	
70	143	2	3	1	0	3	403.7	222.9	30.0	22.2	
70	143	2	3	1	0	4	400.8	245.5	30.6	20.7	
70	143	2	3	1	1	1	196.7	175.4	69.3	121.4	
70	143	2	3	1	1	2	216.6	200.2	47.4	23.6	
70	143	2	3	1	1	3	233.8	224.1	32.1	25.8	
70	143	2	3	1	1	4	230.9	249.6	31.4	22.2	
70	143	2	3	1	2	1	282.9	175.8	66.7	121.0	
70	143	2	3	1	2	2	301.0	196.6	43.1	22.8	
70	143	2	3	1	2	3	319.2	219.5	29.9	18.8	
70	143	2	3	1	2	4	321.1	238.0	28.0	23.6	
71	121	2	3	1	0	1	214.7	175.4	73.1	116.5	
71	121	2	3	1	0	2	214.5	192.6	54.2	23.4	
71	121	2	3	1	0	3	220.9	216.3	29.7	23.7	
71	121	2	3	1	0	4	220.1	240.2	33.8	23.5	
71	121	2	3	1	1	1	297.4	179.3	76.6	110.4	
71	121	2	3	1	1	2	296.9	193.7	57.4	24.1	
71	121	2	3	1	1	3	304.9	218.1	33.2	23.1	
71	121	2	3	1	1	4	304.9	241.3	35.7	20.4	
71	121	2	3	1	2	1	381.3	179.3	68.7	107.7	
71	121	2	3	1	2	2	380.7	193.5	50.0	29.1	
71	121	2	3	1	2	3	386.0	222.9	30.5	22.4	
71	121	2	3	1	2	4	389.0	245.3	32.1	18.1	
72	132	2	3	1	0	1	198.0	177.3	76.3	116.8	
72	132	2	3	1	0	2	207.0	194.8	55.2	25.3	
72	132	2	3	1	0	3	220.9	219.7	29.4	25.2	
72	132	2	3	1	0	4	215.8	244.9	39.7	21.3	
72	132	2	3	1	1	1	283.5	179.5	77.6	117.1	
72	132	2	3	1	1	2	292.4	196.3	59.3	24.2	
72	132	2	3	1	1	3	304.8	220.8	35.7	25.7	
72	132	2	3	1	1	4	302.6	246.4	39.5	22.9	
72	132	2	3	1	2	1	375.3	177.5	72.7	117.6	
72	132	2	3	1	2	2	384.8	199.7	55.7	27.0	
72	132	2	3	1	2	3	397.6	226.4	31.9	24.8	
72	132	2	3	1	2	4	394.5	250.9	37.7	19.6	
73	133	2	3	1	0	1	366.1	176.0	67.8	120.5	
73	133	2	3	1	0	2	384.0	199.0	47.5	23.6	
73	133	2	3	1	0	3	403.7	222.4	30.2	22.7	
73	133	2	3	1	0	4	399.3	245.3	31.6	22.6	
73	133	2	3	1	1	1	201.7	174.0	67.9	116.8	
73	133	2	3	1	1	2	220.1	197.7	47.9	25.8	
73	133	2	3	1	1	3	238.7	223.2	30.7	23.2	
73	133	2	3	1	1	4	234.4	246.8	31.4	22.6	
73	133	2	3	1	2	1	282.2	174.0	65.7	120.3	
73	133	2	3	1	2	2	301.9	196.8	42.7	23.2	
73	133	2	3	1	2	3	319.8	220.3	28.0	21.5	
73	133	2	3	1	2	4	319.1	242.1	28.6	20.9	
74	152	2	3	1	0	1	201.8	174.2	73.4	119.9	
74	152	2	3	1	0	2	211.4	194.4	55.6	26.2	
74	152	2	3	1	0	3	223.9	220.9	30.7	22.8	
74	152	2	3	1	0	4	219.5	244.0	38.8	19.4	
74	152	2	3	1	1	1	284.3	170.6	75.5	121.8	
74	152	2	3	1	1	2	295.3	195.3	53.6	26.6	
74	152	2	3	1	1	3	306.1	222.2	33.7	22.2	
74	152	2	3	1	1	4	304.7	244.8	36.0	24.3	
74	152	2	3	1	2	1	367.8	174.7	77.9	117.2	
74	152	2	3	1	2	2	380.0	193.9	54.2	24.0	
74	152	2	3	1	2	3	391.6	218.2	30.0	22.2	
74	152	2	3	1	2	4	388.9	240.8	35.1	21.7	
75	112	2	3	1	0	1	287.9	177.1	80.9	119.9	
75	112	2	3	1	0	2	299.0	196.4	56.5	25.1	
75	112	2	3	1	0	3	311.3	221.1	31.9	25.4	
75	112	2	3	1	0	4	308.4	246.3	37.9	20.5	
75	112	2	3	1	1	1	203.1	175.4	74.8	121.5	
75	112	2	3	1	1	2	211.4	193.7	57.0	26.6	
75	112	2	3	1	1	3	222.5	220.0	32.1	25.2	
75	112	2	3	1	1	4	220.9	244.9	36.6	22.6	
75	112	2	3	1	2	1	375.3	176.8	77.4	119.4	
75	112	2	3	1	2	2	384.3	197.5	59.5	25.4	
75	112	2	3	1	2	3	398.8	222.5	32.6	24.3	
75	112	2	3	1	2	4	397.9	247.1	33.9	22.4	
76	142	2	3	1	0	1	198.2	179.8	77.6	112.0	
76	142	2	3	1	0	2	210.0	200.3	58.2	25.6	
76	142	2	3	1	0	3	224.0	225.5	30.5	23.2	
76	142	2	3	1	0	4	220.9	249.2	37.1	19.2	
76	142	2	3	1	1	1	284.2	184.3	78.3	107.3	
76	142	2	3	1	1	2	294.6	202.4	58.6	24.5	
76	142	2	3	1	1	3	309.8	227.2	28.0	22.2	
76	142	2	3	1	1	4	307.6	249.1	35.2	22.2	
76	142	2	3	1	2	1	369.5	185.1	78.2	107.3	
76	142	2	3	1	2	2	380.9	204.7	56.4	22.1	
76	142	2	3	1	2	3	393.1	227.1	30.6	21.8	
76	142	2	3	1	2	4	391.5	249.2	36.5	23.0	
77	122	2	3	1	0	1	284.2	182.2	80.2	115.0	
77	122	2	3	1	0	2	296.3	197.5	55.8	23.2	
77	122	2	3	1	0	3	311.2	220.4	28.6	23.1	
77	122	2	3	1	0	4	308.3	243.0	34.5	24.8	
77	122	2	3	1	1	1	196.9	180.4	79.6	113.5	
77	122	2	3	1	1	2	208.6	196.7	56.3	24.5	
77	122	2	3	1	1	3	222.5	221.4	28.6	22.4	
77	122	2	3	1	1	4	219.5	244.0	35.2	21.3	
77	122	2	3	1	2	1	371.0	182.0	77.6	112.0	
77	122	2	3	1	2	2	380.5	201.5	58.6	24.9	
77	122	2	3	1	2	3	393.8	226.6	29.3	21.8	
77	122	2	3	1	2	4	391.0	248.7	35.6	22.0	
78	163	2	3	1	0	1	287.2	184.2	58.4	110.4	
78	163	2	3	1	0	2	299.6	201.3	41.9	23.8	
78	163	2	3	1	0	3	319.1	225.5	26.5	23.2	
78	163	2	3	1	0	4	316.9	248.3	25.7	23.3	
78	163	2	3	1	1	1	205.4	182.2	57.1	108.3	
78	163	2	3	1	1	2	215.8	203.5	46.6	21.9	
78	163	2	3	1	1	3	233.0	225.1	29.3	21.8	
78	163	2	3	1	1	4	228.6	247.1	30.8	17.7	
78	163	2	3	1	2	1	370.4	184.3	57.7	111.3	
78	163	2	3	1	2	2	381.4	204.0	42.3	25.0	
78	163	2	3	1	2	3	398.1	229.2	30.0	21.9	
78	163	2	3	1	2	4	398.1	250.8	28.3	21.3	
79	151	2	3	1	0	1	289.7	178.0	72.2	112.4	
79	151	2	3	1	0	2	289.2	190.6	54.4	28.9	
79	151	2	3	1	0	3	294.9	219.2	32.0	23.5	
79	151	2	3	1	0	4	295.0	242.5	36.2	20.3	
79	151	2	3	1	1	1	206.3	176.8	70.0	114.2	
79	151	2	3	1	1	2	206.0	198.4	53.2	23.2	
79	151	2	3	1	1	3	212.4	221.1	29.9	22.2	
79	151	2	3	1	1	4	211.8	243.0	34.4	22.6	
79	151	2	3	1	2	1	378.4	176.0	65.9	115.0	
79	151	2	3	1	2	2	378.5	196.8	51.1	23.2	
79	151	2	3	1	2	3	384.5	220.3	29.4	24.4	
79	151	2	3	1	2	4	388.5	244.3	28.9	20.9	
80	112	2	3	2	0	1	285.8	180.0	78.1	118.2	
80	112	2	3	2	0	2	296.4	199.0	57.7	24.4	
80	112	2	3	2	0	3	310.6	223.1	29.3	24.4	
80	112	2	3	2	0	4	306.2	247.8	38.1	20.0	
80	112	2	3	2	1	1	202.4	179.8	73.4	116.7	
80	112	2	3	2	1	2	210.0	201.7	57.0	23.8	
80	112	2	3	2	1	3	224.4	225.8	28.1	23.5	
80	112	2	3	2	1	4	219.5	249.0	38.6	21.3	
80	112	2	3	2	2	1	371.7	181.6	79.9	113.9	
80	112	2	3	2	2	2	379.4	200.6	62.6	24.1	
80	112	2	3	2	2	3	394.6	224.3	30.7	22.6	
80	112	2	3	2	2	4	393.0	247.2	35.9	20.9	
81	141	2	3	1	0	1	201.0	179.3	75.5	114.3	
81	141	2	3	1	0	2	210.7	197.3	56.2	25.9	
81	141	2	3	1	0	3	223.2	222.9	31.3	23.1	
81	141	2	3	1	0	4	222.3	245.7	32.9	20.9	
81	141	2	3	1	1	1	286.3	179.1	73.4	114.2	
81	141	2	3	1	1	2	295.3	199.0	54.8	24.7	
81	141	2	3	1	1	3	308.4	224.1	29.4	24.5	
81	141	2	3	1	1	4	306.2	248.3	33.5	19.4	
81	141	2	3	1	2	1	367.4	180.4	76.1	113.7	
81	141	2	3	1	2	2	376.9	200.1	55.8	24.7	
81	141	2	3	1	2	3	390.9	224.5	30.0	24.5	
81	141	2	3	1	2	4	388.0	249.0	36.3	20.0	
82	135	2	3	1	0	1	285.8	178.0	75.5	123.1	
82	135	2	3	1	0	2	296.6	201.5	53.6	26.2	
82	135	2	3	1	0	3	309.7	228.0	28.8	23.1	
82	135	2	3	1	0	4	304.8	250.8	37.9	20.9	
82	135	2	3	1	1	1	200.3	180.2	79.2	118.1	
82	135	2	3	1	1	2	211.6	198.6	57.4	24.9	
82	135	2	3	1	1	3	225.9	223.2	28.7	24.9	
82	135	2	3	1	1	4	222.9	248.5	35.8	20.9	
82	135	2	3	1	2	1	370.2	180.8	80.5	122.4	
82	135	2	3	1	2	2	382.0	200.8	54.3	24.2	
82	135	2	3	1	2	3	393.7	225.4	31.3	22.4	
82	135	2	3	1	2	4	390.2	248.1	39.2	25.0	
83	152	2	3	2	0	1	196.3	179.5	72.3	110.3	
83	152	2	3	2	0	2	205.2	196.4	51.8	24.2	
83	152	2	3	2	0	3	218.8	221.0	26.0	21.5	
83	152	2	3	2	0	4	215.2	242.8	35.8	18.2	
83	152	2	3	2	1	1	283.5	179.3	73.4	110.4	
83	152	2	3	2	1	2	291.2	198.8	57.4	21.1	
83	152	2	3	2	1	3	305.5	220.2	28.4	22.2	
83	152	2	3	2	1	4	304.0	242.8	31.8	20.3	
83	152	2	3	2	2	1	370.3	178.4	73.5	111.3	
83	152	2	3	2	2	2	380.1	199.3	55.8	23.4	
83	152	2	3	2	2	3	393.7	222.4	29.3	22.4	
83	152	2	3	2	2	4	390.2	244.4	35.8	20.2	
84	112	2	3	3	0	1	294.0	177.5	70.6	113.0	
84	112	2	3	3	0	2	300.4	194.9	47.4	20.6	
84	112	2	3	3	0	3	300.1	215.8	31.1	25.0	
84	112	2	3	3	0	4	301.2	241.0	35.9	20.7	
84	112	2	3	3	1	1	200.2	174.9	71.2	116.9	
84	112	2	3	3	1	2	202.4	193.5	46.8	24.5	
84	112	2	3	3	1	3	204.8	218.3	30.7	24.3	
84	112	2	3	3	1	4	208.8	242.3	32.8	24.5	
84	112	2	3	3	2	1	379.8	178.6	75.3	113.5	
84	112	2	3	3	2	2	379.4	194.0	55.4	25.1	
84	112	2	3	3	2	3	386.0	219.4	31.3	24.5	
84	112	2	3	3	2	4	384.1	243.7	37.4	20.7	
85	153	2	3	1	0	1	378.9	183.5	59.8	107.9	
85	153	2	3	1	0	2	391.5	199.7	43.6	24.7	
85	153	2	3	1	0	3	410.1	224.7	28.0	21.1	
85	153	2	3	1	0	4	405.2	245.6	31.3	20.9	
85	153	2	3	1	1	1	208.1	175.5	58.6	113.4	
85	153	2	3	1	1	2	217.5	199.7	46.3	23.6	
85	153	2	3	1	1	3	237.4	223.0	29.3	22.8	
85	153	2	3	1	1	4	232.4	246.1	27.8	17.0	
85	153	2	3	1	2	1	290.0	177.5	59.4	113.3	
85	153	2	3	1	2	2	300.6	199.7	46.6	22.2	
85	153	2	3	1	2	3	319.8	222.1	29.4	21.5	
85	153	2	3	1	2	4	316.1	243.9	30.8	21.7	
86	131	2	3	1	0	1	209.5	176.2	77.0	121.6	
86	131	2	3	1	0	2	211.1	194.0	55.0	24.5	
86	131	2	3	1	0	3	214.8	218.8	32.7	26.9	
86	131	2	3	1	0	4	216.1	246.0	40.1	20.7	
86	131	2	3	1	1	1	294.8	180.8	71.3	114.3	
86	131	2	3	1	1	2	295.5	197.3	54.4	26.0	
86	131	2	3	1	1	3	302.3	223.0	33.8	23.9	
86	131	2	3	1	1	4	304.2	247.2	34.7	19.8	
86	131	2	3	1	2	1	375.2	183.6	75.5	109.9	
86	131	2	3	1	2	2	377.4	197.7	54.2	25.7	
86	131	2	3	1	2	3	383.2	223.1	31.2	25.8	
86	131	2	3	1	2	4	385.9	249.3	34.4	21.3	
87	162	2	3	2	0	1	373.3	183.5	71.6	110.4	
87	162	2	3	2	0	2	382.2	203.8	54.3	24.7	
87	162	2	3	2	0	3	396.0	228.7	26.4	20.9	
87	162	2	3	2	0	4	391.6	250.0	34.4	19.6	
87	162	2	3	2	1	1	196.7	182.0	74.1	110.4	
87	162	2	3	2	1	2	207.9	202.9	53.2	23.2	
87	162	2	3	2	1	3	218.1	225.7	29.3	22.0	
87	162	2	3	2	1	4	213.8	247.9	38.8	20.3	
87	162	2	3	2	2	1	280.8	182.7	79.5	112.4	
87	162	2	3	2	2	2	293.4	202.4	57.8	24.9	
87	162	2	3	2	2	3	307.7	226.9	27.4	22.4	
87	162	2	3	2	2	4	301.4	249.0	39.2	21.6	
88	121	2	3	2	0	1	197.4	183.1	75.5	114.3	
88	121	2	3	2	0	2	207.9	201.5	56.7	21.9	
88	121	2	3	2	0	3	223.0	223.0	27.9	23.1	
88	121	2	3	2	0	4	220.2	245.7	33.5	23.7	
88	121	2	3	2	1	1	282.8	182.0	80.5	114.0	
88	121	2	3	2	1	2	294.5	201.2	57.8	24.3	
88	121	2	3	2	1	3	308.4	225.1	30.8	25.2	
88	121	2	3	2	1	4	304.2	250.1	37.1	21.6	
88	121	2	3	2	2	1	370.3	180.7	76.2	111.6	
88	121	2	3	2	2	2	377.1	199.3	56.8	25.7	
88	121	2	3	2	2	3	388.2	225.3	29.0	25.2	
88	121	2	3	2	2	4	384.6	250.2	36.3	19.0	
89	141	2	3	2	0	1	203.8	178.1	69.1	107.9	
89	141	2	3	2	0	2	205.9	196.4	48.2	25.8	
89	141	2	3	2	0	3	213.2	222.0	28.9	22.4	
89	141	2	3	2	0	4	213.2	244.6	33.5	18.3	
89	141	2	3	2	1	1	285.4	178.0	71.5	107.9	
89	141	2	3	2	1	2	288.8	193.5	49.3	25.7	
89	141	2	3	2	1	3	291.3	219.5	32.1	25.2	
89	141	2	3	2	1	4	294.4	244.5	33.2	17.9	
89	141	2	3	2	2	1	371.7	179.3	77.6	109.6	
89	141	2	3	2	2	2	375.1	193.9	56.4	22.5	
89	141	2	3	2	2	3	380.9	216.0	30.5	21.8	
89	141	2	3	2	2	4	378.1	238.1	37.8	21.1	
90	161	2	3	1	0	1	202.3	181.1	72.1	114.6	
90	161	2	3	1	0	2	205.1	197.7	53.6	27.7	
90	161	2	3	1	0	3	209.7	225.1	33.2	24.8	
90	161	2	3	1	0	4	210.2	249.6	33.7	21.7	
90	161	2	3	1	1	1	284.9	180.0	77.0	113.3	
90	161	2	3	1	1	2	287.1	192.6	56.1	26.2	
90	161	2	3	1	1	3	294.2	218.4	29.4	22.8	
90	161	2	3	1	1	4	294.3	241.5	38.5	22.6	
90	161	2	3	1	2	1	373.7	177.5	72.1	116.3	
90	161	2	3	1	2	2	376.4	194.5	53.2	25.1	
90	161	2	3	1	2	3	384.5	219.2	28.6	24.5	
90	161	2	3	1	2	4	383.9	243.7	31.5	20.7	
91	113	2	3	1	0	1	202.6	176.0	66.4	125.9	
91	113	2	3	1	0	2	223.6	198.4	40.3	25.8	
91	113	2	3	1	0	3	237.6	223.8	31.9	23.9	
91	113	2	3	1	0	4	235.7	248.1	29.4	19.4	
91	113	2	3	1	1	1	281.5	179.5	71.2	119.4	
91	113	2	3	1	1	2	298.0	205.1	51.9	21.9	
91	113	2	3	1	1	3	317.3	227.2	31.6	25.7	
91	113	2	3	1	1	4	315.8	253.2	31.0	19.6	
91	113	2	3	1	2	1	366.0	179.9	71.2	124.0	
91	113	2	3	1	2	2	385.2	201.0	47.3	24.9	
91	113	2	3	1	2	3	406.3	225.5	30.9	26.1	
91	113	2	3	1	2	4	402.4	251.3	29.2	20.7	
92	123	2	3	1	0	1	369.7	180.2	61.3	117.1	
92	123	2	3	1	0	2	387.4	201.1	39.2	21.5	
92	123	2	3	1	0	3	402.1	222.9	29.4	21.1	
92	123	2	3	1	0	4	401.7	244.1	28.3	24.2	
92	123	2	3	1	1	1	204.0	176.7	67.8	119.7	
92	123	2	3	1	1	2	222.9	192.2	47.2	25.1	
92	123	2	3	1	1	3	239.6	217.6	32.5	25.4	
92	123	2	3	1	1	4	238.7	243.3	31.2	22.8	
92	123	2	3	1	2	1	286.3	176.0	67.8	121.4	
92	123	2	3	1	2	2	302.8	200.9	47.8	21.7	
92	123	2	3	1	2	3	320.6	222.3	30.6	25.2	
92	123	2	3	1	2	4	314.2	247.8	35.4	22.4	
